camille@Camilles-MacBook-Pro c_program % a.out &
[1] 37322
camille@Camilles-MacBook-Pro c_program % vm_stat 1 
Mach Virtual Memory Statistics: (page size of 4096 bytes)
    free   active   specul inactive throttle    wired  prgable   faults     copy    0fill reactive   purged file-backed anonymous cmprssed cmprssor  dcomprs   comprs  pageins  pageout  swapins swapouts
    3619   642416      290   641174        0   549404    16080 1552220K 30326478  964553K 63480123 27667590      316000    967880  1463728   259726 82786862  112688K 45349757   330433 29296639 30606211 
    4481   641103      102   640519        0   549832    15802     3028        0     3011     9076        2      315807    965917  1465654   260558       42     1968        0       18        0        0 
    3789   635170    24419   609593        0   552547    13454    35081     4441    13688    34204        4      340802    928380  1496526   271062        4    30881    24789        7        0        0 
    7608   631503    24425   605907        0   554865    12368     4873        0     2651     1319        0      340861    920974  1499878   272234        2     3354       54        0        0        0 
    4072   632980    24427   605937        0   556983    12365     4126       19     3572        0        0      340868    922476  1499597   272207      222        0        0        0       64        0 
    3616   631782    24427   605719        0   558922    10435     2613        0     2607      273        0      340412    921516  1499644   272227        0       47        0        0        0        0 
    4037   631433    24324   605725        0   558653    10311     2999        4     2868      496        0      340415    921067  1500121   272375        3      480        0        1        0        0 
[1]  + done       ./a.out
   29953   618097    24327   593306        0   558567    10321       88        7       68        0        0      340417    895313  1500120   272375        1        0        0        0        0        0 
   30583   618936    24329   593959        0   556549    11975      241        0      220        0        1      340419    896805  1500110   272375       10        0        0        0        0        0 
   30486   623930    24328   594924        0   550591    14737       37        0       27        0        0      340419    902763  1500110   272375        0        0        0        0        0        0 
   30535   626931    24336   594961        0   547544    15665       41        0       40        0        0      340426    905802  1500110   272375        0        0        0        0        0        0 
^C